$ANSIBLE_VAULT;1.1;AES256
32616131666638626633323437656630633237343165326433663835383937373264613039373461
3930313030663564313737336534326462393262636263370a356463336562633236656163656539
32643636633564666133643934623532646330376332383462643761653434656139396664613462
6463303462656133650a306162303363633031333665663962376235626136666330383430343162
37623136383365303262323437366438326635346132353362343036333362616264323033626431
38643339316633386134313433323461383836386562386539663564633434303534343365643764
38336330383333653335316333623463313935626463376461613862346335633832393364393061
34326561306462613732396566323333623338383436306436376563633931643830323361623231
38616230396135646566366333633765643563303136633264363566383964396434616461366434
39386339363266613831363934373533616565643364396133366535306532663732646466346364
65633466393065303732383461313330636432653561333335333431383637303265366636643465
30313631623133623636383734626438356265366230363033363661326637313164363330663766
65643733663032633236336435306634333033616439333435636632653835326631653432333632
35633465656637373765666461383631353632663834316566626430623631353265383033613639
30393466383139316365316465633034333338396430303932643464363235316363396432366431
31643738383066333963656233393263313832343264633237343037383937373966316135323363
61313833623134646239353162316230383633623663353762623839326130363536303066616234
36373533653366353036643830323164306134656162316535653665313631366535663731663465
33623965363361393439323665643433633733643738666134316163343030666133663437366561
38376463373864353737623331346663343431383131386362623331336265363038363862346366
66306662363734396633666563383232646433366430333733396338366430313032626562656466
66613466336437363264393534393530633439323036313561653261313465343938373438313635
31333061613333323966313435646364643135313032306664336536353830643233303161366332
61336163323665656561
