$ANSIBLE_VAULT;1.1;AES256
33383963636537306362623031613933336337313234346561646433326136313162346234656364
6565666261303433313633626462333034396433656263350a343837303335346230306663373832
39643335363735356638373636646232656439326538643764663236646232333131646638303535
6666303935623262350a643636646564313035343434666163646637373064356638366166313430
62333434346332346130393136373332373938663166646632363062376131393034663563306566
34336436366563353132333666643033346333323636313762373634636233656636383932626462
31626361636135323834653038393563663766613331393165653539333037336430643761373337
65653235333061316136616138343630363865383464363338383433346465323834663738326537
37623132636533333739633061386333396535376231353666396537316635323964613638386266
35346330626461306139663364393964356262326538396463363935333865616339326233346535
35336631316466383739333963663234643764653739316636313737623961623962336263363534
65666136313832313661356331343534373563613366306464313639643166336463333566333032
62376535393530663261636235666337316437656434396638333738383165663063353034333738
37376235623836306437616365363134663338366362316366666332623466646664366433396236
61653939346534656232643162663236323732303337656465633566386136376334646430636535
38663830643464303364313063636331333036613939383866386433333565346130363366366138
61383063353362656665656537343338633639336163613262383633633032333865326461366432
37633565313338313765323034616237313861396161303763386638343839663661383632346530
66326265343765633633393230613134383961656637633064376236356461336438333137366463
66366562656464656531323266313435636433633435646433383162353238663532366263346566
33396435313131613732303135353834623466303165356266356131303366363330613165626464
66333863316566323562643234316164666361323438666430626365346534633863326337323965
36616131386462393838643631623532376365636333373438396339383334356463623430306263
39653038326364386533
